   0.0000000000000000        6.6699999999999999     
  2.80280280280280278E-002   6.5131301776394794     
  5.60560560560560556E-002   6.3607823450283130     
  8.40840840840840764E-002   6.2129024082329751     
  0.11211211211211211        6.0694366529349262     
  0.14014014014014015        5.9303317428759339     
  0.16816816816816818        5.7955347183062687     
  0.19619619619619622        5.6649929944358979     
  0.22422422422422425        5.5386543598885085     
  0.25225225225225228        5.4164669751585377     
  0.28028028028028029        5.2983793710710021     
  0.30830830830830830        5.1843404472444234     
  0.33633633633633631        5.0742994705564781     
  0.36436436436436431        4.9682060736127180     
  0.39239239239239232        4.8660102532180884     
  0.42042042042042033        4.7676623688514974     
  0.44844844844844833        4.6731131411431637     
  0.47647647647647634        4.5823136503550090     
  0.50450450450450435        4.4952153348638637     
  0.53253253253253241        4.4117699896476266     
  0.56056056056056047        4.3319297647744541     
  0.58858858858858853        4.2556471638946274     
  0.61661661661661660        4.1828750427356196     
  0.64464464464464466        4.1135666075998136     
  0.67267267267267272        4.0476754138653481     
  0.70070070070070078        3.9851553644897812     
  0.72872872872872885        3.9259607085166661     
  0.75675675675675691        3.8700460395851395     
  0.78478478478478497        3.8173662944422899     
  0.81281281281281303        3.7678767514584974     
  0.84084084084084110        3.7215330291458435     
  0.86886886886886916        3.6782910846791088     
  0.89689689689689722        3.6381072124200715     
  0.92492492492492528        3.6009380424444140     
  0.95295295295295335        3.5667405390717639     
  0.98098098098098141        3.5354719993984003     
   1.0090090090090094        3.5070900518333326     
   1.0370370370370374        3.4815526546367126     
   1.0650650650650655        3.4588180944616149     
   1.0930930930930935        3.4388449848985201     
   1.1211211211211216        3.4215922650228303     
   1.1491491491491497        3.4070191979452109     
   1.1771771771771777        3.3950853693649470     
   1.2052052052052058        3.3857506861259825     
   1.2332332332332339        3.3789753747763336     
   1.2612612612612619        3.3747199801298926     
   1.2892892892892900        3.3729453638316018     
   1.3173173173173180        3.3736127029251555     
   1.3453453453453461        3.3766834884240233     
   1.3733733733733742        3.3821195238849384     
   1.4014014014014022        3.3898829239847452     
   1.4294294294294303        3.3999361130998786     
   1.4574574574574584        3.4122418238888659     
   1.4854854854854864        3.4267630958776913     
   1.5135135135135145        3.4434632740482725     
   1.5415415415415425        3.4623060074293490     
   1.5695695695695706        3.4832552476912420     
   1.5975975975975987        3.5062752477421562     
   1.6256256256256267        3.5313305603288958     
   1.6536536536536548        3.5583860366394044     
   1.6816816816816829        3.5874068249085429     
   1.7097097097097109        3.6183583690271184     
   1.7377377377377390        3.6512064071533352     
   1.7657657657657670        3.6859169703274768     
   1.7937937937937951        3.7224563810894082     
   1.8218218218218232        3.7607912520989157     
   1.8498498498498512        3.8008884847592599     
   1.8778778778778793        3.8427152678431442     
   1.9059059059059074        3.8862390761221963     
   1.9339339339339354        3.9314276689989307     
   1.9619619619619635        3.9782490891416828     
   1.9899899899899915        4.0266716611226716     
   2.0180180180180196        4.0766639900588197     
   2.0460460460460475        4.1281949602556809     
   2.0740740740740753        4.1812337338536993     
   2.1021021021021031        4.2357497494784022     
   2.1301301301301310        4.2917127208924839     
   2.1581581581581588        4.3490926356514770     
   2.1861861861861867        4.4078597537620094     
   2.2142142142142145        4.4679846063431903     
   2.2422422422422423        4.5294379942907241     
   2.2702702702702702        4.5921909869441651     
   2.2982982982982980        4.6562149207567778     
   2.3263263263263259        4.7214813979686818     
   2.3543543543543537        4.7879622852826254     
   2.3823823823823815        4.8556297125427710     
   2.4104104104104094        4.9244560714165395     
   2.4384384384384372        4.9944140140790543     
   2.4664664664664651        5.0654764519009481     
   2.4944944944944929        5.1376165541385310     
   2.5225225225225207        5.2108077466274683     
   2.5505505505505486        5.2850237104788782     
   2.5785785785785764        5.3602383807787772     
   2.6066066066066043        5.4364259452900301     
   2.6346346346346321        5.5135608431574354     
   2.6626626626626599        5.5916177636159139     
   2.6906906906906878        5.6705716447010843     
   2.7187187187187156        5.7503976719634444     
   2.7467467467467435        5.8310712771848916     
   2.7747747747747713        5.9125681370983170     
   2.8028028028027991        5.9948641721104394     
   2.8308308308308270        6.0779355450271408     
   2.8588588588588548        6.1617586597818006     
   2.8868868868868827        6.2463101601668791     
   2.9149149149149105        6.3315669285679066     
   2.9429429429429383        6.4175060847008343     
   2.9709709709709662        6.5041049843520735     
   2.9989989989989940        6.5913412181214683     
   3.0270270270270219        6.6791926101682586     
   3.0550550550550497        6.7676372169598888     
   3.0830830830830775        6.8566533260239364     
   3.1111111111111054        6.9462194547024918     
   3.1391391391391332        7.0363143489100262     
   3.1671671671671611        7.1269169818937996     
   3.1951951951951889        7.2180065529973341     
   3.2232232232232167        7.3095624864267679     
   3.2512512512512446        7.4015644300200485     
   3.2792792792792724        7.4939922540193509     
   3.3073073073073003        7.5868260498458575     
   3.3353353353353281        7.6800461288781374     
   3.3633633633633560        7.7736330212328353     
   3.3913913913913838        7.8675674745487383     
   3.4194194194194116        7.9618304527733699     
   3.4474474474474395        8.0564031349528165     
   3.4754754754754673        8.1512669140244203     
   3.5035035035034952        8.2464033956121412     
   3.5315315315315230        8.3417943968251631     
   3.5595595595595508        8.4374219450592527     
   3.5875875875875787        8.5332682768009889     
   3.6156156156156065        8.6293158364349907     
   3.6436436436436344        8.7255472750542147     
   3.6716716716716622        8.8219454492727696     
   3.6996996996996900        8.9184934200421111     
   3.7277277277277179        9.0151744514697754     
   3.7557557557557457        9.1119720096412156     
   3.7837837837837736        9.2088697614446868     
   3.8118118118118014        9.3058515733986802     
   3.8398398398398292        9.4029015104826001     
   3.8678678678678571        9.5000038349703075     
   3.8958958958958849        9.5971430052663127     
   3.9239239239239128        9.6943036747454077     
   3.9519519519519406        9.7914706905946236     
   3.9799799799799684        9.8886290926585794     
   4.0080080080079963        9.9857641122874483     
   4.0360360360360241        10.082861171188018     
   4.0640640640640520        10.179905880277582     
   4.0920920920920798        10.276884038540839     
   4.1201201201201076        10.373781631889532     
   4.1481481481481355        10.470584832025143     
   4.1761761761761633        10.567279995304611     
   4.2042042042041912        10.663853661608702     
   4.2322322322322190        10.760292553213501     
   4.2602602602602468        10.856583573664761     
   4.2882882882882747        10.952713806655135     
   4.3163163163163025        11.048670514904343     
   4.3443443443443304        11.144441139042412     
   4.3723723723723582        11.240013296495496     
   4.4004004004003860        11.335374780374947     
   4.4284284284284139        11.430513558369197     
   4.4564564564564417        11.525417771638383     
   4.4844844844844696        11.620075733712246     
   4.5125125125124974        11.714475929390572     
   4.5405405405405252        11.808607013646814     
   4.5685685685685531        11.902457810534557     
   4.5965965965965809        11.996017312096786     
   4.6246246246246088        12.089274677278331     
   4.6526526526526366        12.182219230840930     
   4.6806806806806645        12.274840462281439     
   4.7087087087086923        12.367128024752851     
   4.7367367367367201        12.459071733988244     
   4.7647647647647480        12.550661567227715     
   4.7927927927927758        12.641887662148140     
   4.8208208208208037        12.732740315795862     
   4.8488488488488315        12.823209983522412     
   4.8768768768768593        12.913287277922999     
   4.9049049049048872        13.002962967778027     
   4.9329329329329150        13.092227976997441     
   4.9609609609609429        13.181073383568084     
   4.9889889889889707        13.269490418503930     
   5.0170170170169985        13.357470464799206     
   5.0450450450450264        13.445005056384401     
   5.0730730730730542        13.532085877085461     
   5.1011011011010821        13.618704759585436     
   5.1291291291291099        13.704853684389489     
   5.1571571571571377        13.790524778792559     
   5.1851851851851656        13.875710315849995     
   5.2132132132131934        13.960402713351266     
   5.2412412412412213        14.044594532796301     
   5.2692692692692491        14.128278478375018     
   5.2972972972972769        14.211447395949573     
   5.3253253253253048        14.294094272039713     
   5.3533533533533326        14.376212232810884     
   5.3813813813813605        14.457794543065322     
   5.4094094094093883        14.538834605236083     
   5.4374374374374161        14.619325958383964     
   5.4654654654654440        14.699262277197388     
   5.4934934934934718        14.778637370995082     
   5.5215215215214997        14.857445182731855     
   5.5495495495495275        14.935679788007139     
   5.5775775775775553        15.013335394076552     
   5.6056056056055832        15.090406338866332     
   5.6336336336336110        15.166887089990640     
   5.6616616616616389        15.242772243771926     
   5.6896896896896667        15.318056524264071     
   5.7177177177176945        15.392734782278524     
   5.7457457457457224        15.466801994413286     
   5.7737737737737502        15.540253262084954     
   5.8018018018017781        15.613083810563516     
   5.8298298298298059        15.685288988010162     
   5.8578578578578337        15.756864264518020     
   5.8858858858858616        15.827805231155729     
   5.9139139139138894        15.898107599014025     
   5.9419419419419173        15.967767198255199     
   5.9699699699699451        16.036779977165477     
   5.9979979979979730        16.105142001210293     
   6.0260260260260008        16.172849452092589     
   6.0540540540540286        16.239898626813844     
   6.0820820820820565        16.306285936738227     
   6.1101101101100843        16.372007906659501     
   6.1381381381381122        16.437061173870994     
   6.1661661661661400        16.501442487238304     
   6.1941941941941678        16.565148706275156     
   6.2222222222221957        16.628176800221951     
   6.2502502502502235        16.690523847127405     
   6.2782782782782514        16.752187032932984     
   6.3063063063062792        16.813163650560320     
   6.3343343343343070        16.873451099001581     
   6.3623623623623349        16.933046882412675     
   6.3903903903903627        16.991948609209402     
   6.4184184184183906        17.050153991166550     
   6.4464464464464184        17.107660842519923     
   6.4744744744744462        17.164467079071187     
   6.5025025025024741        17.220570717295807     
   6.5305305305305019        17.275969873453690     
   6.5585585585585298        17.330662762702943     
   6.5865865865865576        17.384647698216462     
   6.6146146146145854        17.437923090301354     
   6.6426426426426133        17.490487445521467     
   6.6706706706706411        17.542339365822716     
   6.6986986986986690        17.593477547661315     
   6.7267267267266968        17.643900781134988     
   6.7547547547547246        17.693607949117066     
   6.7827827827827525        17.742598026393491     
   6.8108108108107803        17.790870078802829     
   6.8388388388388082        17.838423262379028     
   6.8668668668668360        17.885256822497261     
   6.8948948948948638        17.931370093022633     
   6.9229229229228917        17.976762495461738     
   6.9509509509509195        18.021433538117257     
   6.9789789789789474        18.065382815245343     
   7.0070070070069752        18.108610006216090     
   7.0350350350350030        18.151114874676722     
   7.0630630630630309        18.192897267717832     
   7.0910910910910587        18.233957115042568     
   7.1191191191190866        18.274294428138596     
   7.1471471471471144        18.313909299453126     
   7.1751751751751423        18.352801901570771     
   7.2032032032031701        18.390972486394300     
   7.2312312312311979        18.428421384328452     
   7.2592592592592258        18.465149003466564     
   7.2872872872872536        18.501155828780028     
   7.3153153153152815        18.536442421310841     
   7.3433433433433093        18.571009417367023     
   7.3713713713713371        18.604857527720920     
   7.3993993993993650        18.637987536810368     
   7.4274274274273928        18.670400301942902     
   7.4554554554554207        18.702096752502836     
   7.4834834834834485        18.733077889161237     
   7.5115115115114763        18.763344783088797     
   7.5395395395395042        18.792898575171684     
   7.5675675675675320        18.821740475230357     
   7.5955955955955599        18.849871761241079     
   7.6236236236235877        18.877293778560613     
   7.6516516516516155        18.904007939153704     
   7.6796796796796434        18.930015720823445     
   7.7077077077076712        18.955318666444704     
   7.7357357357356991        18.979918383200264     
   7.7637637637637269        19.003816541820093     
   7.7917917917917547        19.027014875823429     
   7.8198198198197826        19.049515180763720     
   7.8478478478478104        19.071319313476629     
   7.8758758758758383        19.092429191330819     
   7.9039039039038661        19.112846791481811     
   7.9319319319318939        19.132574150128573     
   7.9599599599599218        19.151613361773169     
   7.9879879879879496        19.169966578483290     
   8.0160160160159784        19.187636009157689     
   8.0440440440440071        19.204623918794510     
   8.0720720720720358        19.220932627762640     
   8.1001001001000645        19.236564511075802     
   8.1281281281280933        19.251521997669780     
   8.1561561561561220        19.265807569682377     
   8.1841841841841507        19.279423761736410     
   8.2122122122121795        19.292373160225548     
   8.2402402402402082        19.304658402603131     
   8.2682682682682369        19.316282176673884     
   8.2962962962962656        19.327247219888530     
   8.3243243243242944        19.337556318641294     
   8.3523523523523231        19.347212307570473     
   8.3803803803803518        19.356218068861715     
   8.4084084084083806        19.364576531554377     
   8.4364364364364093        19.372290670850745     
   8.4644644644644380        19.379363507428167     
   8.4924924924924667        19.385798106754073     
   8.5205205205204955        19.391597578404003     
   8.5485485485485242        19.396765075382518     
   8.5765765765765529        19.401303793446928     
   8.6046046046045817        19.405216970434108     
   8.6326326326326104        19.408507885590112     
   8.6606606606606391        19.411179858902763     
   8.6886886886886678        19.413236250437109     
   8.7167167167166966        19.414680459673843     
   8.7447447447447253        19.415515924850681     
   8.7727727727727540        19.415746122306516     
   8.8008008008007828        19.415374565828632     
   8.8288288288288115        19.414404806002807     
   8.8568568568568402        19.412840429566259     
   8.8848848848848689        19.410685058763601     
   8.9129129129128977        19.407942350705667     
   8.9409409409409264        19.404615996731280     
   8.9689689689689551        19.400709721771900     
   8.9969969969969839        19.396227283719252     
   9.0250250250250126        19.391172472795823     
   9.0530530530530413        19.385549110928270     
   9.0810810810810700        19.379361051123791     
   9.1091091091090988        19.372612176849398     
   9.1371371371371275        19.365306401414124     
   9.1651651651651562        19.357447667354059     
   9.1931931931931850        19.349039945820415     
   9.2212212212212137        19.340087235970515     
   9.2492492492492424        19.330593564361557     
   9.2772772772772711        19.320562984347458     
   9.3053053053052999        19.309999575478578     
   9.3333333333333286        19.298907442904220     
   9.3613613613613573        19.287290716778301     
   9.3893893893893861        19.275153551667749     
   9.4174174174174148        19.262500125963825     
   9.4454454454454435        19.249334641296510     
   9.4734734734734722        19.235661321951643     
   9.5015015015015010        19.221484414291091     
   9.5295295295295297        19.206808186175756     
   9.5575575575575584        19.191636926391595     
   9.5855855855855872        19.175974944078437     
   9.6136136136136159        19.159826568161861     
   9.6416416416416446        19.143196146787830     
   9.6696696696696733        19.126088046760440     
   9.6976976976977021        19.108506652982371     
   9.7257257257257308        19.090456367898405     
   9.7537537537537595        19.071941610941895     
   9.7817817817817883        19.052966817983936     
   9.8098098098098170        19.033536440785738     
   9.8378378378378457        19.013654946453638     
   9.8658658658658744        18.993326816897337     
   9.8938938938939032        18.972556548290747     
   9.9219219219219319        18.951348650535966     
   9.9499499499499606        18.929707646730083     
   9.9779779779779894        18.907638072634935     
   10.006006006006018        18.885144476149762     
   10.034034034034047        18.862231416786798     
   10.062062062062076        18.838903465149762     
   10.090090090090104        18.815165202415283     
   10.118118118118133        18.791021219817242     
   10.146146146146162        18.766476118134008     
   10.174174174174190        18.741534507178645     
   10.202202202202219        18.716201005291985     
   10.230230230230248        18.690480238838624     
   10.258258258258277        18.664376841705916     
   10.286286286286305        18.637895454805737     
   10.314314314314334        18.611040725579329     
   10.342342342342363        18.583817307504955     
   10.370370370370392        18.556229859608464     
   10.398398398398420        18.528283045976899     
   10.426426426426449        18.499981535274873     
   10.454454454454478        18.471330000263972     
   10.482482482482506        18.442333117324992     
   10.510510510510535        18.412995565983191     
   10.538538538538564        18.383322028436361     
   10.566566566566593        18.353317189085875     
   10.594594594594621        18.322985734070656     
   10.622622622622650        18.292332350804045     
   10.650650650650679        18.261361727513577     
   10.678678678678708        18.230078552783713     
   10.706706706706736        18.198487515101458     
   10.734734734734765        18.166593302404905     
   10.762762762762794        18.134400601634702     
   10.790790790790822        18.101914098288450     
   10.818818818818851        18.069138475977994     
   10.846846846846880        18.036078415989653     
   10.874874874874909        18.002738596847347     
   10.902902902902937        17.969123693878661     
   10.930930930930966        17.935238378783836     
   10.958958958958995        17.901087319207658     
   10.986986986987024        17.866675178314264     
   11.015015015015052        17.832006614364893     
   11.043043043043081        17.797086280298515     
   11.071071071071110        17.761918823315430     
   11.099099099099138        17.726508884463719     
   11.127127127127167        17.690861098228709     
   11.155155155155196        17.654980092125243     
   11.183183183183225        17.618870486292959     
   11.211211211211253        17.582536893094446     
   11.239239239239282        17.545983916716310     
   11.267267267267311        17.509216152773210     
   11.295295295295340        17.472238187914751     
   11.323323323323368        17.435054599435333     
   11.351351351351397        17.397669954886887     
   11.379379379379426        17.360088811694592     
   11.407407407407455        17.322315716775439     
   11.435435435435483        17.284355206159741     
   11.463463463463512        17.246211804615587     
   11.491491491491541        17.207890025276171     
   11.519519519519569        17.169394369270083     
   11.547547547547598        17.130729325354459     
   11.575575575575627        17.091899369551143     
   11.603603603603656        17.052908964785647     
   11.631631631631684        17.013762560529152     
   11.659659659659713        16.974464592443329     
   11.687687687687742        16.935019482028153     
   11.715715715715771        16.895431636272559     
   11.743743743743799        16.855705447308114     
   11.771771771771828        16.815845292065504     
   11.799799799799857        16.775855531934006     
   11.827827827827885        16.735740512423895     
   11.855855855855914        16.695504562831680     
   11.883883883883943        16.655151995908341     
   11.911911911911972        16.614687107530482     
   11.939939939940000        16.574114176374326     
   11.967967967968029        16.533437463592747     
   11.995995995996058        16.492661212495079     
   12.024024024024087        16.451789648229980     
   12.052052052052115        16.410826977471157     
   12.080080080080144        16.369777388105948     
   12.108108108108173        16.328645048926941     
   12.136136136136201        16.287434109326430     
   12.164164164164230        16.246148698993807     
   12.192192192192259        16.204792927615884     
   12.220220220220288        16.163370884580129     
   12.248248248248316        16.121886638680810     
   12.276276276276345        16.080344237828090     
   12.304304304304374        16.038747708759978     
   12.332332332332403        15.997101056757272     
   12.360360360360431        15.955408265361376     
   12.388388388388460        15.913673296095034     
   12.416416416416489        15.871900088186013     
   12.444444444444517        15.830092558293682     
   12.472472472472546        15.788254600238485     
   12.500500500500575        15.746390084734422     
   12.528528528528604        15.704502859124323     
   12.556556556556632        15.662596747118155     
   12.584584584584661        15.620675548534150     
   12.612612612612690        15.578743039042951     
   12.640640640640719        15.536802969914602     
   12.668668668668747        15.494859067768479     
   12.696696696696776        15.452915034326120     
   12.724724724724805        15.410974546167045     
   12.752752752752833        15.369041254487405     
   12.780780780780862        15.327118784861590     
   12.808808808808891        15.285210737006773     
   12.836836836836920        15.243320684550351     
   12.864864864864948        15.201452174800282     
   12.892892892892977        15.159608728518378     
   12.920920920921006        15.117793839696551     
   12.948948948949035        15.076010975335853     
   12.976976976977063        15.034263575228564     
   13.005005005005092        14.992555051743130     
   13.033033033033121        14.950888789612053     
   13.061061061061150        14.909268145722649     
   13.089089089089178        14.867696448910834     
   13.117117117117207        14.826176999757632     
   13.145145145145236        14.784713070388833     
   13.173173173173264        14.743307904277437     
   13.201201201201293        14.701964716048991     
   13.229229229229322        14.660686691289941     
   13.257257257257351        14.619476986358842     
   13.285285285285379        14.578338728200503     
   13.313313313313408        14.537275014163031     
   13.341341341341437        14.496288911817823     
   13.369369369369466        14.455383458782464     
   13.397397397397494        14.414561662546564     
   13.425425425425523        14.373826500300424     
   13.453453453453552        14.333180918766779     
   13.481481481481580        14.292627834035292     
   13.509509509509609        14.252170131400101     
   13.537537537537638        14.211810665200211     
   13.565565565565667        14.171552258662787     
   13.593593593593695        14.131397703749458     
   13.621621621621724        14.091349761005450     
   13.649649649649753        14.051411159411664     
   13.677677677677782        14.011584596239691     
   13.705705705705810        13.971872736909740     
   13.733733733733839        13.932278214851459     
   13.761761761761868        13.892803631367693     
   13.789789789789896        13.853451555501197     
   13.817817817817925        13.814224523904187     
   13.845845845845954        13.775125040710863     
   13.873873873873983        13.736155577412859     
   13.901901901902011        13.697318572737588     
   13.929929929930040        13.658616432529508     
   13.957957957958069        13.620051529634301     
   13.985985985986098        13.581626203786012     
   14.014014014014126        13.543342761497025     
   14.042042042042155        13.505203475951054     
   14.070070070070184        13.467210586898991     
   14.098098098098212        13.429366300557655     
   14.126126126126241        13.391672789511563     
   14.154154154154270        13.354132192617465     
   14.182182182182299        13.316746614911963     
   14.210210210210327        13.279518127521898     
   14.238238238238356        13.242448767577763     
   14.266266266266385        13.205540538129988     
   14.294294294294414        13.168795408068146     
   14.322322322322442        13.132215312043101     
   14.350350350350471        13.095802150392025     
   14.378378378378500        13.059557789066403     
   14.406406406406528        13.023484059562890     
   14.434434434434557        12.987582758857137     
   14.462462462462586        12.951855649340493     
   14.490490490490615        12.916304458759670     
   14.518518518518643        12.880930880159283     
   14.546546546546672        12.845736571827358     
   14.574574574574701        12.810723157243686     
   14.602602602602730        12.775892225031178     
   14.630630630630758        12.741245328910091     
   14.658658658658787        12.706783987655168     
   14.686686686686816        12.672509685055729     
   14.714714714714844        12.638423869878654     
   14.742742742742873        12.604527955834289     
   14.770770770770902        12.570823321545262     
   14.798798798798931        12.537311310518284     
   14.826826826826959        12.503993231118740     
   14.854854854854988        12.470870356548328     
   14.882882882883017        12.437943924825534     
   14.910910910911046        12.405215138769080     
   14.938938938939074        12.372685165984226     
   14.966966966967103        12.340355138852043     
   14.994994994995132        12.308226154521634     
   15.023023023023161        12.276299274905154     
   15.051051051051189        12.244575526675890     
   15.079079079079218        12.213055901269145     
   15.107107107107247        12.181741354886126     
   15.135135135135275        12.150632808500697     
   15.163163163163304        12.119731147869073     
   15.191191191191333        12.089037223542423     
   15.219219219219362        12.058551850882402     
   15.247247247247390        12.028275810079588     
   15.275275275275419        11.998209846174849     
   15.303303303303448        11.968354669083638     
   15.331331331331477        11.938710953623168     
   15.359359359359505        11.909279339542552     
   15.387387387387534        11.880060431555837     
   15.415415415415563        11.851054799377946     
   15.443443443443591        11.822262977763579     
   15.471471471471620        11.793685466548995     
   15.499499499499649        11.765322730696703     
   15.527527527527678        11.737175200343119     
   15.555555555555706        11.709243270849120     
   15.583583583583735        11.681527302853484     
   15.611611611611764        11.654027622329313     
   15.639639639639793        11.626744520643300     
   15.667667667667821        11.599678254617988     
   15.695695695695850        11.572829046596880     
   15.723723723723879        11.546197084512528     
   15.751751751751907        11.519782521957506     
   15.779779779779936        11.493585478258291     
   15.807807807807965        11.467606038552105     
   15.835835835835994        11.441844253866632     
   15.863863863864022        11.416300141202692     
   15.891891891892051        11.390973683619785     
   15.919919919920080        11.365864830324611     
   15.947947947948109        11.340973496762464     
   15.975975975976137        11.316299564711562     
   16.004004004004166        11.291842882380308     
   16.032032032032195        11.267603264507445     
   16.060060060060223        11.243580492465124     
   16.088088088088252        11.219774314364951     
   16.116116116116281        11.196184445166862     
   16.144144144144310        11.172810566791002     
   16.172172172172338        11.149652328232451     
   16.200200200200367        11.126709345678917     
   16.228228228228396        11.103981202631356     
   16.256256256256425        11.081467450027432     
   16.284284284284453        11.059167606368014     
   16.312312312312482        11.037081157846467     
   16.340340340340511        11.015207558480972     
   16.368368368368539        10.993546230249695     
   16.396396396396568        10.972096563228881     
   16.424424424424597        10.950857915733915     
   16.452452452452626        10.929829614463236     
   16.480480480480654        10.909010954645220     
   16.508508508508683        10.888401200187953     
   16.536536536536712        10.867999583831931     
   16.564564564564741        10.847805307305688     
   16.592592592592769        10.827817541484329     
   16.620620620620798        10.808035426550997     
   16.648648648648827        10.788458072161220     
   16.676676676676855        10.769084557610240     
   16.704704704704884        10.749913932003208     
   16.732732732732913        10.730945214428321     
   16.760760760760942        10.712177394132857     
   16.788788788788970        10.693609430702177     
   16.816816816816999        10.675240254241571     
   16.844844844845028        10.657068765561096     
   16.872872872873057        10.639093836363289     
   16.900900900901085        10.621314309433806     
   16.928928928929114        10.603728998834988     
   16.956956956957143        10.586336690102351     
   16.984984984985172        10.569136140443955     
   17.013013013013200        10.552126078942772     
   17.041041041041229        10.535305206761858     
   17.069069069069258        10.518672197352574     
   17.097097097097286        10.502225696665606     
   17.125125125125315        10.485964323364998     
   17.153153153153344        10.469886669045017     
   17.181181181181373        10.453991298450042     
   17.209209209209401        10.438276749697250     
   17.237237237237430        10.422741534502329     
   17.265265265265459        10.407384138408036     
   17.293293293293488        10.392203021015725     
   17.321321321321516        10.377196616219736     
   17.349349349349545        10.362363332444765     
   17.377377377377574        10.347701552886125     
   17.405405405405602        10.333209635752892     
   17.433433433433631        10.318885914514038     
   17.461461461461660        10.304728698147418     
   17.489489489489689        10.290736271391735     
   17.517517517517717        10.276906895001371     
   17.545545545545746        10.263238806004148     
   17.573573573573775        10.249730217962048     
   17.601601601601804        10.236379321234802     
   17.629629629629832        10.223184283246425     
   17.657657657657861        10.210143248754649     
   17.685685685685890        10.197254340123308     
   17.713713713713918        10.184515657597604     
   17.741741741741947        10.171925279582316     
   17.769769769769976        10.159481262922924     
   17.797797797798005        10.147181643189624     
   17.825825825826033        10.135024434964334     
   17.853853853854062        10.123007632130516     
   17.881881881882091        10.111129208166012     
   17.909909909910120        10.099387116438729     
   17.937937937938148        10.087779290505285     
   17.965965965966177        10.076303644412564     
   17.993993993994206        10.064958073002172     
   18.022022022022234        10.053740452217827     
   18.050050050050263        10.042648639415692     
   18.078078078078292        10.031680473677554     
   18.106106106106321        10.020833776127002     
   18.134134134134349        10.010106350248476     
   18.162162162162378        9.9994959822092557     
   18.190190190190407        9.9890004411843449     
   18.218218218218436        9.9786174796843188     
   18.246246246246464        9.9683448338860288     
   18.274274274274493        9.9581802239662593     
   18.302302302302522        9.9481213544383511     
   18.330330330330550        9.9381659144916146     
   18.358358358358579        9.9283115783338065     
   18.386386386386608        9.9185560055364324     
   18.414414414414637        9.9088968413830028     
   18.442442442442665        9.8993317172201820     
   18.470470470470694        9.8898582508119048     
   18.498498498498723        9.8804740466963565     
   18.526526526526752        9.8711766965459002     
   18.554554554554780        9.8619637795299351     
   18.582582582582809        9.8528328626806250     
   18.610610610610838        9.8437815012616099     
   18.638638638638866        9.8348072391395824     
   18.666666666666895        9.8259076091588113     
   18.694694694694924        9.8170801335185853     
   18.722722722722953        9.8083223241535382     
   18.750750750750981        9.7996316831169441     
   18.778778778779010        9.7910057029669169     
   18.806806806807039        9.7824418671554891     
   18.834834834835068        9.7739376504206597     
   18.862862862863096        9.7654905191813413     
   18.890890890891125        9.7570979319352134     
   18.918918918919154        9.7487573396595195     
   18.946946946947183        9.7404661862147552     
   18.974974974975211        9.7322219087513044     
   19.003003003003240        9.7240219381189661     
   19.031031031031269        9.7158636992794136     
   19.059059059059297        9.7077446117215818     
   19.087087087087326        9.6996620898799559     
   19.115115115115355        9.6916135435557837     
   19.143143143143384        9.6835963783411891     
   19.171171171171412        9.6756079960462706     
   19.199199199199441        9.6676457951290455     
   19.227227227227470        9.6597071711283053     
   19.255255255255499        9.6517895170994876     
   19.283283283283527        9.6438902240533473     
   19.311311311311556        9.6360066813976228     
   19.339339339339585        9.6281362773816159     
   19.367367367367613        9.6202763995436289     
   19.395395395395642        9.6124244351614045     
   19.423423423423671        9.6045777717054364     
   19.451451451451700        9.5967337972951885     
   19.479479479479728        9.5888899011582680     
   19.507507507507757        9.5810434740924908     
   19.535535535535786        9.5731919089308892     
   19.563563563563815        9.5653326010096045     
   19.591591591591843        9.5574629486387312     
   19.619619619619872        9.5495803535760562     
   19.647647647647901        9.5416822215037307     
   19.675675675675929        9.5337659625078608     
   19.703703703703958        9.5258289915610082     
   19.731731731731987        9.5178687290076134     
   19.759759759760016        9.5098826010523378     
   19.787787787788044        9.5018680402513223     
   19.815815815816073        9.4938224860063727     
   19.843843843844102        9.4857433850620563     
   19.871871871872131        9.4776281920057102     
   19.899899899900159        9.4694743697703814     
   19.927927927928188        9.4612793901406889     
   19.955955955956217        9.4530407342615881     
   19.983983983984245        9.4447558931500541     
   20.012012012012274        9.4364223682097066     
   20.040040040040303        9.4280376717483332     
   20.068068068068332        9.4195993274983323     
   20.096096096096360        9.4111048711400738     
   20.124124124124389        9.4025518508282051     
   20.152152152152418        9.3939378277208192     
   20.180180180180447        9.3852603765116118     
   20.208208208208475        9.3765170859648972     
   20.236236236236504        9.3677055594535830     
   20.264264264264533        9.3588234155000176     
   20.292292292292561        9.3498682883198416     
   20.320320320320590        9.3408378283686293     
   20.348348348348619        9.3317297028915984     
   20.376376376376648        9.3225415964760856     
   20.404404404404676        9.3132712116070913     
   20.432432432432705        9.3039162692256046     
   20.460460460460734        9.2944745092899517     
   20.488488488488763        9.2849436913400023     
   20.516516516516791        9.2753215950643266     
   20.544544544544820        9.2656060208702495     
   20.572572572572849        9.2557947904568394     
   20.600600600600877        9.2458857473907781     
   20.628628628628906        9.2358767576852614     
   20.656656656656935        9.2257657103816371     
   20.684684684684964        9.2155505181341137     
   20.712712712712992        9.2052291177973498     
   20.740740740741021        9.1947994710168945     
   20.768768768769050        9.1842595648226588     
   20.796796796797079        9.1736074122252091     
   20.824824824825107        9.1628410528150326     
   20.852852852853136        9.1519585533646755     
   20.880880880881165        9.1409580084338895     
   20.908908908909194        9.1298375409775758     
   20.936936936937222        9.1185953029567486     
   20.964964964965251        9.1072294759523569     
   20.992992992993280        9.0957382717820536     
   21.021021021021308        9.0841199331198705     
   21.049049049049337        9.0723727341188347     
   21.077077077077366        9.0604949810364612     
   21.105105105105395        9.0484850128631873     
   21.133133133133423        9.0363412019537606     
   21.161161161161452        9.0240619546614944     
   21.189189189189481        9.0116457119754241     
   21.217217217217510        8.9990909501604488     
   21.245245245245538        8.9863961814004067     
   21.273273273273567        8.9735599544439282     
   21.301301301301596        8.9605808552533777     
   21.329329329329624        8.9474575076565692     
   21.357357357357653        8.9341885740015492     
   21.385385385385682        8.9207727558141627     
   21.413413413413711        8.9072087944586276     
   21.441441441441739        8.8934954718009323     
   21.469469469469768        8.8796316108752933     
   21.497497497497797        8.8656160765534331     
   21.525525525525826        8.8514477762167107     
   21.553553553553854        8.8371256604313881     
   21.581581581581883        8.8226487236265747     
   21.609609609609912        8.8080160047752667     
   21.637637637637940        8.7932265880781824     
   21.665665665665969        8.7782796036506099     
   21.693693693693998        8.7631742282121401     
   21.721721721722027        8.7479096857792538     
   21.749749749750055        8.7324852483609732     
   21.777777777778084        8.7169002366572315     
   21.805805805806113        8.7011540207603808     
   21.833833833834142        8.6852460208594771     
   21.861861861862170        8.6691757079474829     
   21.889889889890199        8.6529426045314644     
   21.917917917918228        8.6365462853456698     
   21.945945945946256        8.6199863780674342     
   21.973973973974285        8.6032625640362941     
   22.002002002002314        8.5863745789755850     
   22.030030030030343        8.5693222137173439     
   22.058058058058371        8.5521053149298965     
   22.086086086086400        8.5347237858485485     
   22.114114114114429        8.5171775870089093     
   22.142142142142458        8.4994667369835355     
   22.170170170170486        8.4815913131211467     
   22.198198198198515        8.4635514522888400     
   22.226226226226544        8.4453473516174249     
   22.254254254254572        8.4269792692494168     
   22.282282282282601        8.4084475250899899     
   22.310310310310630        8.3897525015611283     
   22.338338338338659        8.3708946443582626     
   22.366366366366687        8.3518744632101249     
   22.394394394394716        8.3326925326415164     
   22.422422422422745        8.3133494927388050     
   22.450450450450774        8.2938460499184821     
   22.478478478478802        8.2741829776986187     
   22.506506506506831        8.2543611174733087     
   22.534534534534860        8.2343813792898199     
   22.562562562562889        8.2142447426288996     
   22.590590590590917        8.1939522571878101     
   22.618618618618946        8.1735050436664416     
   22.646646646646975        8.1529042945563308     
   22.674674674675003        8.1321512749322693     
   22.702702702703032        8.1112473232475093     
   22.730730730731061        8.0901938521311347     
   22.758758758759090        8.0689923491887967     
   22.786786786787118        8.0476443778063178     
   22.814814814815147        8.0261515779562060     
   22.842842842843176        8.0045156670069133     
   22.870870870871205        7.9827384405351687     
   22.898898898899233        7.9608217731412516     
   22.926926926927262        7.9387676192672156     
   22.954954954955291        7.9165780140177304     
   22.982982982983319        7.8942550739843007     
   23.011011011011348        7.8718009980720476     
   23.039039039039377        7.8492180683294563     
   23.067067067067406        7.8265086507813439     
   23.095095095095434        7.8036751962643223     
   23.123123123123463        7.7807202412653282     
   23.151151151151492        7.7576464087633452     
   23.179179179179521        7.7344564090737178     
   23.207207207207549        7.7111530406952919     
   23.235235235235578        7.6877391911610120     
   23.263263263263607        7.6642178378907788     
   23.291291291291635        7.6405920490477151     
   23.319319319319664        7.6168649843971457     
   23.347347347347693        7.5930398961684702     
   23.375375375375722        7.5691201299199884     
   23.403403403403750        7.5451091254068388     
   23.431431431431779        7.5210104174514445     
   23.459459459459808        7.4968276368172493     
   23.487487487487837        7.4725645110852827     
   23.515515515515865        7.4482248655332972     
   23.543543543543894        7.4238126240186402     
   23.571571571571923        7.3993318098630194     
   23.599599599599951        7.3747865467409603     
   23.627627627627980        7.3501810595709482     
   23.655655655656009        7.3255196754092236     
   23.683683683684038        7.3008068243471298     
   23.711711711712066        7.2760470404104298     
   23.739739739740095        7.2512449624625805     
   23.767767767768124        7.2264053351103001     
   23.795795795796153        7.2015330096119303     
   23.823823823824181        7.1766329447894037     
   23.851851851852210        7.1517102079424175     
   23.879879879880239        7.1267699757658178     
   23.907907907908267        7.1018175352700892     
   23.935935935936296        7.0768582847043415     
   23.963963963964325        7.0518977344825515     
   23.991991991992354        7.0269415081127189     
   24.020020020020382        7.0019953431286392     
   24.048048048048411        6.9770650920248976     
   24.076076076076440        6.9521567231946824     
   24.104104104104469        6.9272763218705133     
   24.132132132132497        6.9024300910678171     
   24.160160160160526        6.8776243525316669     
   24.188188188188555        6.8528655476860179     
   24.216216216216583        6.8281602385862907     
   24.244244244244612        6.8035151088746932     
   24.272272272272641        6.7789369647382802     
   24.300300300300670        6.7544327358702905     
   24.328328328328698        6.7300094764342955     
   24.356356356356727        6.7056743660308786     
   24.384384384384756        6.6814347106678476     
   24.412412412412785        6.6572979437329414     
   24.440440440440813        6.6332716269695808     
   24.468468468468842        6.6093634514555726     
   24.496496496496871        6.5855812385846759     
   24.524524524524900        6.5619329410511664     
   24.552552552552928        6.5384266438371146     
   24.580580580580957        6.5150705652028833     
   24.608608608608986        6.4918730576802917     
   24.636636636637014        6.4688426090689140     
   24.664664664665043        6.4459878434350406     
   24.692692692693072        6.4233175221137371     
   24.720720720721101        6.4008405447139403     
   24.748748748749129        6.3785659501260277     
   24.776776776777158        6.3565029175327457     
   24.804804804805187        6.3346607674229922     
   24.832832832833216        6.3130489626082857     
   24.860860860861244        6.2916771092423387     
   24.888888888889273        6.2705549578435038     
   24.916916916917302        6.2496924043201831     
   24.944944944945330        6.2290994909991122     
   24.972972972973359        6.2087864076563166     
   25.001001001001388        6.1887634925518427     
   25.029029029029417        6.1690412334660234     
   25.057057057057445        6.1496302687400526     
   25.085085085085474        6.1305413883185844     
   25.113113113113503        6.1117855347955459     
   25.141141141141532        6.0933738044628782     
   25.169169169169560        6.0753174483623233     
   25.197197197197589        6.0576278733395679     
   25.225225225225618        6.0403166431023614     
   25.253253253253646        6.0233954792800875     
   25.281281281281675        6.0068762624880030     
   25.309309309309704        5.9907710333925275     
   25.337337337337733        5.9750919937811888     
   25.365365365365761        5.9598515076340632     
   25.393393393393790        5.9450621021992447     
   25.421421421421819        5.9307364690704967     
   25.449449449449848        5.9168874652681556     
   25.477477477477876        5.9035281143225831     
   25.505505505505905        5.8906716073613890     
   25.533533533533934        5.8783313041985448     
   25.561561561561962        5.8665207344270947     
   25.589589589589991        5.8552535985143930     
   25.617617617618020        5.8445437689006496     
   25.645645645646049        5.8344052911001123     
   25.673673673674077        5.8248523848050286     
   25.701701701702106        5.8158994449931143     
   25.729729729730135        5.8075610430372340     
   25.757757757758164        5.7998519278184668     
   25.785785785786192        5.7927870268419559     
   25.813813813814221        5.7863814473556552     
   25.841841841842250        5.7806504774720020     
   25.869869869870278        5.7756095872925064     
   25.897897897898307        5.7712744300352856     
   25.925925925926336        5.7676608431655580     
   25.953953953954365        5.7647848495287786     
   25.981981981982393        5.7626626584873604     
   26.010010010010422        5.7613106670592398     
   26.038038038038451        5.7607454610607309     
   26.066066066066480        5.7609838162507483     
   26.094094094094508        5.7620426994794931     
   26.122122122122537        5.7639392698388789     
   26.150150150150566        5.7666908798162968     
   26.178178178178594        5.7703150764517401     
   26.206206206206623        5.7748296024968901     
   26.234234234234652        5.7802523975780700     
   26.262262262262681        5.7866015993616404     
   26.290290290290709        5.7938955447218916     
   26.318318318318738        5.8021527709132297     
   26.346346346346767        5.8113920167435360     
   26.374374374374796        5.8216322237519442     
   26.402402402402824        5.8328925373884104     
   26.430430430430853        5.8451923081970101     
   26.458458458458882        5.8585510930017843     
   26.486486486486911        5.8729886560952673     
   26.514514514514939        5.8885249704305824     
   26.542542542542968        5.9051802188159375     
   26.570570570570997        5.9229747951121876     
   26.598598598599025        5.9419293054332671     
   26.626626626627054        5.9620645693496552     
   26.654654654655083        5.9834016210947416     
   26.682682682683112        6.0059617107740229     
   26.710710710711140        6.0297663055771515     
   26.738738738739169        6.0548370909932405     
   26.766766766767198        6.0811959720287021     
   26.794794794795227        6.1088650744281292     
   26.822822822823255        6.1378667458981893     
   26.850850850851284        6.1682235573345690     
   26.878878878879313        6.1999583040512487     
   26.906906906907341        6.2330940070134053     
   26.934934934935370        6.2676539140726995     
   26.962962962963399        6.3036615012060873     
   26.990990990991428        6.3411404737566039     
   27.019019019019456        6.3801147676780019     
   27.047047047047485        6.4206085507819912     
   27.075075075075514        6.4626462239880516     
   27.103103103103543        6.5062524225765941     
   27.131131131131571        6.5514520174450848     
   27.159159159159600        6.5982701163665149     
   27.187187187187629        6.6467320652514470     
   27.215215215215657        6.6968634494127457     
   27.243243243243686        6.7486900948330222     
   27.271271271271715        6.8022380694351927     
   27.299299299299744        6.8575336843559818     
   27.327327327327772        6.9146034952223827     
   27.355355355355801        6.9734743034307449     
   27.383383383383830        7.0341731574290991     
   27.411411411411859        7.0967273540022511     
   27.439439439439887        7.1611644395598262     
   27.467467467467916        7.2275122114273067     
   27.495495495495945        7.2957987191397029     
   27.523523523523973        7.3660522657387064     
   27.551551551552002        7.4383014090720021     
   27.579579579580031        7.5125749630961449     
   27.607607607608060        7.5889019991821014     
   27.635635635636088        7.6673118474236874     
   27.663663663664117        7.7478340979489309     
   27.691691691692146        7.8304986022344156     
   27.719719719720175        7.9153354744225171     
   27.747747747748203        8.0023750926415005     
   27.775775775776232        8.0916481003286975     
   27.803803803804261        8.1831854075563832     
   27.831831831832289        8.2770181923606785     
   27.859859859860318        8.3731779020734649     
   27.887887887888347        8.4716962546570596     
   27.915915915916376        8.5726052400418560     
   27.943943943944404        8.6759371214669674     
   27.971971971972433        8.7817244368236533     
   28.000000000000462        8.8900000000018053     
